20
01
24
F0
2A
40
B8
52
40
50
00
50
00
30
00
34
01
28
00
3C
00
23
A0
2F
A1
B6
52
22
28
01
B6
52
31
60
34
00
25
C0
28
01
8E
92
28
00
B2
52
4B
50
22
34
00
27
C0
28
01
8E
92
28
00
B2
52
4A
50
31
20
00
2C
F0
23
C0
26
21
55
40
60
20
01
24
F0
23
40
60
20
01
31
03
68
31
02
35
02
39
02
3D
02
68
20
01
31
05
END
00
00
00
00
00
00
00
00
00
00
00
00
00
00
00
00
00
00
00
00
00
00
00
00
00
00
00
00
00
00
00
00
00
00
00
00
00
00
00
00
00
00
00
00
00
00
00
00
00
00
00
00
00
00
00
00
00
00
00
00
00
00
00
00
00
00
00
00
00
00
00
00
00
00
00
00
00
00
00
00
00
00
00
00
00
00
00
00
00
00
00
00
00
00
00
00
00
00
00
00
00
00
00
00
00
00
00
00
00
00
00
00
00
00
00
00
00
00
00
00
00
00
00
00
00
00
00
00
00
00
00
00
00
00
00
00
00
00
00
00
00
00
00
00
00
00
00
00
00
00
00
00
00
00
00